local Library = loadstring(game:HttpGet("https://raw.githubusercontent.com/xHeptc/Kavo-UI-Library/main/source.lua"))()
local Window = Library.CreateLib("dupe skill", "Ocean")
local Tab = Window:NewTab("Dupe")
local Section = Tab:NewSection("use skill")
Section:NewButton("Mega dupe", "kuy", function()
    local args = {
    [1] = "Activated",
    [2] = {
        ["Target"] = workspace:WaitForChild("Map"):WaitForChild("City"):WaitForChild("Folder"):WaitForChild("Toilet"):WaitForChild("Floor"),
        ["Hit"] = CFrame.new(-2485.982177734375, 35.7530403137207, -749.041015625, -0.7813637852668762, 0.3123382329940796, -0.5402920246124268, 1.4901161193847656e-08, 0.8657474517822266, 0.5004811882972717, 0.6240758895874023, 0.3910578787326813, -0.6764636635780334),
        ["UnitRay"] = Ray.new(Vector3.new(-2572.21484375, 115.63081359863281, -857.0090942382812), Vector3.new(0.540289044380188, -0.5004729628562927, 0.6764722466468811))
    }
}

game:GetService("ReplicatedStorage"):WaitForChild("Network"):WaitForChild("Remotes"):WaitForChild("Events"):WaitForChild("Tools"):FireServer(unpack(args))
local args = {
    [1] = "Activated",
    [2] = {
        ["Target"] = workspace:WaitForChild("Map"):WaitForChild("City"):WaitForChild("Folder"):WaitForChild("Toilet"):WaitForChild("Floor"),
        ["Hit"] = CFrame.new(-2485.982177734375, 35.7530403137207, -749.041015625, -0.7813637852668762, 0.3123382329940796, -0.5402920246124268, 1.4901161193847656e-08, 0.8657474517822266, 0.5004811882972717, 0.6240758895874023, 0.3910578787326813, -0.6764636635780334),
        ["UnitRay"] = Ray.new(Vector3.new(-2572.21484375, 115.63081359863281, -857.0090942382812), Vector3.new(0.540289044380188, -0.5004729628562927, 0.6764722466468811))
    }
}

game:GetService("ReplicatedStorage"):WaitForChild("Network"):WaitForChild("Remotes"):WaitForChild("Events"):WaitForChild("Tools"):FireServer(unpack(args))
local args = {
    [1] = "Activated",
    [2] = {
        ["Target"] = workspace:WaitForChild("Map"):WaitForChild("City"):WaitForChild("Folder"):WaitForChild("Toilet"):WaitForChild("Floor"),
        ["Hit"] = CFrame.new(-2485.982177734375, 35.7530403137207, -749.041015625, -0.7813637852668762, 0.3123382329940796, -0.5402920246124268, 1.4901161193847656e-08, 0.8657474517822266, 0.5004811882972717, 0.6240758895874023, 0.3910578787326813, -0.6764636635780334),
        ["UnitRay"] = Ray.new(Vector3.new(-2572.21484375, 115.63081359863281, -857.0090942382812), Vector3.new(0.540289044380188, -0.5004729628562927, 0.6764722466468811))
    }
}

game:GetService("ReplicatedStorage"):WaitForChild("Network"):WaitForChild("Remotes"):WaitForChild("Events"):WaitForChild("Tools"):FireServer(unpack(args))
local args = {
    [1] = "Activated",
    [2] = {
        ["Target"] = workspace:WaitForChild("Map"):WaitForChild("City"):WaitForChild("Folder"):WaitForChild("Toilet"):WaitForChild("Floor"),
        ["Hit"] = CFrame.new(-2485.982177734375, 35.7530403137207, -749.041015625, -0.7813637852668762, 0.3123382329940796, -0.5402920246124268, 1.4901161193847656e-08, 0.8657474517822266, 0.5004811882972717, 0.6240758895874023, 0.3910578787326813, -0.6764636635780334),
        ["UnitRay"] = Ray.new(Vector3.new(-2572.21484375, 115.63081359863281, -857.0090942382812), Vector3.new(0.540289044380188, -0.5004729628562927, 0.6764722466468811))
    }
}

game:GetService("ReplicatedStorage"):WaitForChild("Network"):WaitForChild("Remotes"):WaitForChild("Events"):WaitForChild("Tools"):FireServer(unpack(args))
local args = {
    [1] = "Activated",
    [2] = {
        ["Target"] = workspace:WaitForChild("Map"):WaitForChild("City"):WaitForChild("Folder"):WaitForChild("Toilet"):WaitForChild("Floor"),
        ["Hit"] = CFrame.new(-2485.982177734375, 35.7530403137207, -749.041015625, -0.7813637852668762, 0.3123382329940796, -0.5402920246124268, 1.4901161193847656e-08, 0.8657474517822266, 0.5004811882972717, 0.6240758895874023, 0.3910578787326813, -0.6764636635780334),
        ["UnitRay"] = Ray.new(Vector3.new(-2572.21484375, 115.63081359863281, -857.0090942382812), Vector3.new(0.540289044380188, -0.5004729628562927, 0.6764722466468811))
    }
}

game:GetService("ReplicatedStorage"):WaitForChild("Network"):WaitForChild("Remotes"):WaitForChild("Events"):WaitForChild("Tools"):FireServer(unpack(args))
local args = {
    [1] = "Activated",
    [2] = {
        ["Target"] = workspace:WaitForChild("Map"):WaitForChild("City"):WaitForChild("Folder"):WaitForChild("Toilet"):WaitForChild("Floor"),
        ["Hit"] = CFrame.new(-2485.982177734375, 35.7530403137207, -749.041015625, -0.7813637852668762, 0.3123382329940796, -0.5402920246124268, 1.4901161193847656e-08, 0.8657474517822266, 0.5004811882972717, 0.6240758895874023, 0.3910578787326813, -0.6764636635780334),
        ["UnitRay"] = Ray.new(Vector3.new(-2572.21484375, 115.63081359863281, -857.0090942382812), Vector3.new(0.540289044380188, -0.5004729628562927, 0.6764722466468811))
    }
}

game:GetService("ReplicatedStorage"):WaitForChild("Network"):WaitForChild("Remotes"):WaitForChild("Events"):WaitForChild("Tools"):FireServer(unpack(args))
local args = {
    [1] = "Activated",
    [2] = {
        ["Target"] = workspace:WaitForChild("Map"):WaitForChild("City"):WaitForChild("Folder"):WaitForChild("Toilet"):WaitForChild("Floor"),
        ["Hit"] = CFrame.new(-2485.982177734375, 35.7530403137207, -749.041015625, -0.7813637852668762, 0.3123382329940796, -0.5402920246124268, 1.4901161193847656e-08, 0.8657474517822266, 0.5004811882972717, 0.6240758895874023, 0.3910578787326813, -0.6764636635780334),
        ["UnitRay"] = Ray.new(Vector3.new(-2572.21484375, 115.63081359863281, -857.0090942382812), Vector3.new(0.540289044380188, -0.5004729628562927, 0.6764722466468811))
    }
}

game:GetService("ReplicatedStorage"):WaitForChild("Network"):WaitForChild("Remotes"):WaitForChild("Events"):WaitForChild("Tools"):FireServer(unpack(args))
local args = {
    [1] = "Activated",
    [2] = {
        ["Target"] = workspace:WaitForChild("Map"):WaitForChild("City"):WaitForChild("Folder"):WaitForChild("Toilet"):WaitForChild("Floor"),
        ["Hit"] = CFrame.new(-2485.982177734375, 35.7530403137207, -749.041015625, -0.7813637852668762, 0.3123382329940796, -0.5402920246124268, 1.4901161193847656e-08, 0.8657474517822266, 0.5004811882972717, 0.6240758895874023, 0.3910578787326813, -0.6764636635780334),
        ["UnitRay"] = Ray.new(Vector3.new(-2572.21484375, 115.63081359863281, -857.0090942382812), Vector3.new(0.540289044380188, -0.5004729628562927, 0.6764722466468811))
    }
}

game:GetService("ReplicatedStorage"):WaitForChild("Network"):WaitForChild("Remotes"):WaitForChild("Events"):WaitForChild("Tools"):FireServer(unpack(args))
local args = {
    [1] = "Activated",
    [2] = {
        ["Target"] = workspace:WaitForChild("Map"):WaitForChild("City"):WaitForChild("Folder"):WaitForChild("Toilet"):WaitForChild("Floor"),
        ["Hit"] = CFrame.new(-2485.982177734375, 35.7530403137207, -749.041015625, -0.7813637852668762, 0.3123382329940796, -0.5402920246124268, 1.4901161193847656e-08, 0.8657474517822266, 0.5004811882972717, 0.6240758895874023, 0.3910578787326813, -0.6764636635780334),
        ["UnitRay"] = Ray.new(Vector3.new(-2572.21484375, 115.63081359863281, -857.0090942382812), Vector3.new(0.540289044380188, -0.5004729628562927, 0.6764722466468811))
    }
}

game:GetService("ReplicatedStorage"):WaitForChild("Network"):WaitForChild("Remotes"):WaitForChild("Events"):WaitForChild("Tools"):FireServer(unpack(args))
local args = {
    [1] = "Activated",
    [2] = {
        ["Target"] = workspace:WaitForChild("Map"):WaitForChild("City"):WaitForChild("Folder"):WaitForChild("Toilet"):WaitForChild("Floor"),
        ["Hit"] = CFrame.new(-2485.982177734375, 35.7530403137207, -749.041015625, -0.7813637852668762, 0.3123382329940796, -0.5402920246124268, 1.4901161193847656e-08, 0.8657474517822266, 0.5004811882972717, 0.6240758895874023, 0.3910578787326813, -0.6764636635780334),
        ["UnitRay"] = Ray.new(Vector3.new(-2572.21484375, 115.63081359863281, -857.0090942382812), Vector3.new(0.540289044380188, -0.5004729628562927, 0.6764722466468811))
    }
}

game:GetService("ReplicatedStorage"):WaitForChild("Network"):WaitForChild("Remotes"):WaitForChild("Events"):WaitForChild("Tools"):FireServer(unpack(args))
local args = {
    [1] = "Activated",
    [2] = {
        ["Target"] = workspace:WaitForChild("Map"):WaitForChild("City"):WaitForChild("Folder"):WaitForChild("Toilet"):WaitForChild("Floor"),
        ["Hit"] = CFrame.new(-2485.982177734375, 35.7530403137207, -749.041015625, -0.7813637852668762, 0.3123382329940796, -0.5402920246124268, 1.4901161193847656e-08, 0.8657474517822266, 0.5004811882972717, 0.6240758895874023, 0.3910578787326813, -0.6764636635780334),
        ["UnitRay"] = Ray.new(Vector3.new(-2572.21484375, 115.63081359863281, -857.0090942382812), Vector3.new(0.540289044380188, -0.5004729628562927, 0.6764722466468811))
    }
}

game:GetService("ReplicatedStorage"):WaitForChild("Network"):WaitForChild("Remotes"):WaitForChild("Events"):WaitForChild("Tools"):FireServer(unpack(args))
local args = {
    [1] = "Activated",
    [2] = {
        ["Target"] = workspace:WaitForChild("Map"):WaitForChild("City"):WaitForChild("Folder"):WaitForChild("Toilet"):WaitForChild("Floor"),
        ["Hit"] = CFrame.new(-2485.982177734375, 35.7530403137207, -749.041015625, -0.7813637852668762, 0.3123382329940796, -0.5402920246124268, 1.4901161193847656e-08, 0.8657474517822266, 0.5004811882972717, 0.6240758895874023, 0.3910578787326813, -0.6764636635780334),
        ["UnitRay"] = Ray.new(Vector3.new(-2572.21484375, 115.63081359863281, -857.0090942382812), Vector3.new(0.540289044380188, -0.5004729628562927, 0.6764722466468811))
    }
}

game:GetService("ReplicatedStorage"):WaitForChild("Network"):WaitForChild("Remotes"):WaitForChild("Events"):WaitForChild("Tools"):FireServer(unpack(args))
local args = {
    [1] = "Activated",
    [2] = {
        ["Target"] = workspace:WaitForChild("Map"):WaitForChild("City"):WaitForChild("Folder"):WaitForChild("Toilet"):WaitForChild("Floor"),
        ["Hit"] = CFrame.new(-2485.982177734375, 35.7530403137207, -749.041015625, -0.7813637852668762, 0.3123382329940796, -0.5402920246124268, 1.4901161193847656e-08, 0.8657474517822266, 0.5004811882972717, 0.6240758895874023, 0.3910578787326813, -0.6764636635780334),
        ["UnitRay"] = Ray.new(Vector3.new(-2572.21484375, 115.63081359863281, -857.0090942382812), Vector3.new(0.540289044380188, -0.5004729628562927, 0.6764722466468811))
    }
}

game:GetService("ReplicatedStorage"):WaitForChild("Network"):WaitForChild("Remotes"):WaitForChild("Events"):WaitForChild("Tools"):FireServer(unpack(args))
local args = {
    [1] = "Activated",
    [2] = {
        ["Target"] = workspace:WaitForChild("Map"):WaitForChild("City"):WaitForChild("Folder"):WaitForChild("Toilet"):WaitForChild("Floor"),
        ["Hit"] = CFrame.new(-2485.982177734375, 35.7530403137207, -749.041015625, -0.7813637852668762, 0.3123382329940796, -0.5402920246124268, 1.4901161193847656e-08, 0.8657474517822266, 0.5004811882972717, 0.6240758895874023, 0.3910578787326813, -0.6764636635780334),
        ["UnitRay"] = Ray.new(Vector3.new(-2572.21484375, 115.63081359863281, -857.0090942382812), Vector3.new(0.540289044380188, -0.5004729628562927, 0.6764722466468811))
    }
}

game:GetService("ReplicatedStorage"):WaitForChild("Network"):WaitForChild("Remotes"):WaitForChild("Events"):WaitForChild("Tools"):FireServer(unpack(args))
local args = {
    [1] = "Activated",
    [2] = {
        ["Target"] = workspace:WaitForChild("Map"):WaitForChild("City"):WaitForChild("Folder"):WaitForChild("Toilet"):WaitForChild("Floor"),
        ["Hit"] = CFrame.new(-2485.982177734375, 35.7530403137207, -749.041015625, -0.7813637852668762, 0.3123382329940796, -0.5402920246124268, 1.4901161193847656e-08, 0.8657474517822266, 0.5004811882972717, 0.6240758895874023, 0.3910578787326813, -0.6764636635780334),
        ["UnitRay"] = Ray.new(Vector3.new(-2572.21484375, 115.63081359863281, -857.0090942382812), Vector3.new(0.540289044380188, -0.5004729628562927, 0.6764722466468811))
    }
}

game:GetService("ReplicatedStorage"):WaitForChild("Network"):WaitForChild("Remotes"):WaitForChild("Events"):WaitForChild("Tools"):FireServer(unpack(args))
local args = {
    [1] = "Activated",
    [2] = {
        ["Target"] = workspace:WaitForChild("Map"):WaitForChild("City"):WaitForChild("Folder"):WaitForChild("Toilet"):WaitForChild("Floor"),
        ["Hit"] = CFrame.new(-2485.982177734375, 35.7530403137207, -749.041015625, -0.7813637852668762, 0.3123382329940796, -0.5402920246124268, 1.4901161193847656e-08, 0.8657474517822266, 0.5004811882972717, 0.6240758895874023, 0.3910578787326813, -0.6764636635780334),
        ["UnitRay"] = Ray.new(Vector3.new(-2572.21484375, 115.63081359863281, -857.0090942382812), Vector3.new(0.540289044380188, -0.5004729628562927, 0.6764722466468811))
    }
}

game:GetService("ReplicatedStorage"):WaitForChild("Network"):WaitForChild("Remotes"):WaitForChild("Events"):WaitForChild("Tools"):FireServer(unpack(args))
local args = {
    [1] = "Activated",
    [2] = {
        ["Target"] = workspace:WaitForChild("Map"):WaitForChild("City"):WaitForChild("Folder"):WaitForChild("Toilet"):WaitForChild("Floor"),
        ["Hit"] = CFrame.new(-2485.982177734375, 35.7530403137207, -749.041015625, -0.7813637852668762, 0.3123382329940796, -0.5402920246124268, 1.4901161193847656e-08, 0.8657474517822266, 0.5004811882972717, 0.6240758895874023, 0.3910578787326813, -0.6764636635780334),
        ["UnitRay"] = Ray.new(Vector3.new(-2572.21484375, 115.63081359863281, -857.0090942382812), Vector3.new(0.540289044380188, -0.5004729628562927, 0.6764722466468811))
    }
}

game:GetService("ReplicatedStorage"):WaitForChild("Network"):WaitForChild("Remotes"):WaitForChild("Events"):WaitForChild("Tools"):FireServer(unpack(args))
local args = {
    [1] = "Activated",
    [2] = {
        ["Target"] = workspace:WaitForChild("Map"):WaitForChild("City"):WaitForChild("Folder"):WaitForChild("Toilet"):WaitForChild("Floor"),
        ["Hit"] = CFrame.new(-2485.982177734375, 35.7530403137207, -749.041015625, -0.7813637852668762, 0.3123382329940796, -0.5402920246124268, 1.4901161193847656e-08, 0.8657474517822266, 0.5004811882972717, 0.6240758895874023, 0.3910578787326813, -0.6764636635780334),
        ["UnitRay"] = Ray.new(Vector3.new(-2572.21484375, 115.63081359863281, -857.0090942382812), Vector3.new(0.540289044380188, -0.5004729628562927, 0.6764722466468811))
    }
}

game:GetService("ReplicatedStorage"):WaitForChild("Network"):WaitForChild("Remotes"):WaitForChild("Events"):WaitForChild("Tools"):FireServer(unpack(args))
local args = {
    [1] = "Activated",
    [2] = {
        ["Target"] = workspace:WaitForChild("Map"):WaitForChild("City"):WaitForChild("Folder"):WaitForChild("Toilet"):WaitForChild("Floor"),
        ["Hit"] = CFrame.new(-2485.982177734375, 35.7530403137207, -749.041015625, -0.7813637852668762, 0.3123382329940796, -0.5402920246124268, 1.4901161193847656e-08, 0.8657474517822266, 0.5004811882972717, 0.6240758895874023, 0.3910578787326813, -0.6764636635780334),
        ["UnitRay"] = Ray.new(Vector3.new(-2572.21484375, 115.63081359863281, -857.0090942382812), Vector3.new(0.540289044380188, -0.5004729628562927, 0.6764722466468811))
    }
}

game:GetService("ReplicatedStorage"):WaitForChild("Network"):WaitForChild("Remotes"):WaitForChild("Events"):WaitForChild("Tools"):FireServer(unpack(args))
local args = {
    [1] = "Activated",
    [2] = {
        ["Target"] = workspace:WaitForChild("Map"):WaitForChild("City"):WaitForChild("Folder"):WaitForChild("Toilet"):WaitForChild("Floor"),
        ["Hit"] = CFrame.new(-2485.982177734375, 35.7530403137207, -749.041015625, -0.7813637852668762, 0.3123382329940796, -0.5402920246124268, 1.4901161193847656e-08, 0.8657474517822266, 0.5004811882972717, 0.6240758895874023, 0.3910578787326813, -0.6764636635780334),
        ["UnitRay"] = Ray.new(Vector3.new(-2572.21484375, 115.63081359863281, -857.0090942382812), Vector3.new(0.540289044380188, -0.5004729628562927, 0.6764722466468811))
    }
}

game:GetService("ReplicatedStorage"):WaitForChild("Network"):WaitForChild("Remotes"):WaitForChild("Events"):WaitForChild("Tools"):FireServer(unpack(args))
local args = {
    [1] = "Activated",
    [2] = {
        ["Target"] = workspace:WaitForChild("Map"):WaitForChild("City"):WaitForChild("Folder"):WaitForChild("Toilet"):WaitForChild("Floor"),
        ["Hit"] = CFrame.new(-2485.982177734375, 35.7530403137207, -749.041015625, -0.7813637852668762, 0.3123382329940796, -0.5402920246124268, 1.4901161193847656e-08, 0.8657474517822266, 0.5004811882972717, 0.6240758895874023, 0.3910578787326813, -0.6764636635780334),
        ["UnitRay"] = Ray.new(Vector3.new(-2572.21484375, 115.63081359863281, -857.0090942382812), Vector3.new(0.540289044380188, -0.5004729628562927, 0.6764722466468811))
    }
}

game:GetService("ReplicatedStorage"):WaitForChild("Network"):WaitForChild("Remotes"):WaitForChild("Events"):WaitForChild("Tools"):FireServer(unpack(args))
local args = {
    [1] = "Activated",
    [2] = {
        ["Target"] = workspace:WaitForChild("Map"):WaitForChild("City"):WaitForChild("Folder"):WaitForChild("Toilet"):WaitForChild("Floor"),
        ["Hit"] = CFrame.new(-2485.982177734375, 35.7530403137207, -749.041015625, -0.7813637852668762, 0.3123382329940796, -0.5402920246124268, 1.4901161193847656e-08, 0.8657474517822266, 0.5004811882972717, 0.6240758895874023, 0.3910578787326813, -0.6764636635780334),
        ["UnitRay"] = Ray.new(Vector3.new(-2572.21484375, 115.63081359863281, -857.0090942382812), Vector3.new(0.540289044380188, -0.5004729628562927, 0.6764722466468811))
    }
}

game:GetService("ReplicatedStorage"):WaitForChild("Network"):WaitForChild("Remotes"):WaitForChild("Events"):WaitForChild("Tools"):FireServer(unpack(args))
local args = {
    [1] = "Activated",
    [2] = {
        ["Target"] = workspace:WaitForChild("Map"):WaitForChild("City"):WaitForChild("Folder"):WaitForChild("Toilet"):WaitForChild("Floor"),
        ["Hit"] = CFrame.new(-2485.982177734375, 35.7530403137207, -749.041015625, -0.7813637852668762, 0.3123382329940796, -0.5402920246124268, 1.4901161193847656e-08, 0.8657474517822266, 0.5004811882972717, 0.6240758895874023, 0.3910578787326813, -0.6764636635780334),
        ["UnitRay"] = Ray.new(Vector3.new(-2572.21484375, 115.63081359863281, -857.0090942382812), Vector3.new(0.540289044380188, -0.5004729628562927, 0.6764722466468811))
    }
}

game:GetService("ReplicatedStorage"):WaitForChild("Network"):WaitForChild("Remotes"):WaitForChild("Events"):WaitForChild("Tools"):FireServer(unpack(args))
local args = {
    [1] = "Activated",
    [2] = {
        ["Target"] = workspace:WaitForChild("Map"):WaitForChild("City"):WaitForChild("Folder"):WaitForChild("Toilet"):WaitForChild("Floor"),
        ["Hit"] = CFrame.new(-2485.982177734375, 35.7530403137207, -749.041015625, -0.7813637852668762, 0.3123382329940796, -0.5402920246124268, 1.4901161193847656e-08, 0.8657474517822266, 0.5004811882972717, 0.6240758895874023, 0.3910578787326813, -0.6764636635780334),
        ["UnitRay"] = Ray.new(Vector3.new(-2572.21484375, 115.63081359863281, -857.0090942382812), Vector3.new(0.540289044380188, -0.5004729628562927, 0.6764722466468811))
    }
}

game:GetService("ReplicatedStorage"):WaitForChild("Network"):WaitForChild("Remotes"):WaitForChild("Events"):WaitForChild("Tools"):FireServer(unpack(args))
end)
Section:NewButton("โครตพ่อโครตเเม่ระเบิดดดด", "Lag", function()
    local args = {
    [1] = "Activated",
    [2] = {
        ["Target"] = workspace:WaitForChild("Map"):WaitForChild("City"):WaitForChild("Folder"):WaitForChild("Toilet"):WaitForChild("Floor"),
        ["Hit"] = CFrame.new(-2485.982177734375, 35.7530403137207, -749.041015625, -0.7813637852668762, 0.3123382329940796, -0.5402920246124268, 1.4901161193847656e-08, 0.8657474517822266, 0.5004811882972717, 0.6240758895874023, 0.3910578787326813, -0.6764636635780334),
        ["UnitRay"] = Ray.new(Vector3.new(-2572.21484375, 115.63081359863281, -857.0090942382812), Vector3.new(0.540289044380188, -0.5004729628562927, 0.6764722466468811))
    }
}

game:GetService("ReplicatedStorage"):WaitForChild("Network"):WaitForChild("Remotes"):WaitForChild("Events"):WaitForChild("Tools"):FireServer(unpack(args))
local args = {
    [1] = "Activated",
    [2] = {
        ["Target"] = workspace:WaitForChild("Map"):WaitForChild("City"):WaitForChild("Folder"):WaitForChild("Toilet"):WaitForChild("Floor"),
        ["Hit"] = CFrame.new(-2485.982177734375, 35.7530403137207, -749.041015625, -0.7813637852668762, 0.3123382329940796, -0.5402920246124268, 1.4901161193847656e-08, 0.8657474517822266, 0.5004811882972717, 0.6240758895874023, 0.3910578787326813, -0.6764636635780334),
        ["UnitRay"] = Ray.new(Vector3.new(-2572.21484375, 115.63081359863281, -857.0090942382812), Vector3.new(0.540289044380188, -0.5004729628562927, 0.6764722466468811))
    }
}

game:GetService("ReplicatedStorage"):WaitForChild("Network"):WaitForChild("Remotes"):WaitForChild("Events"):WaitForChild("Tools"):FireServer(unpack(args))
local args = {
    [1] = "Activated",
    [2] = {
        ["Target"] = workspace:WaitForChild("Map"):WaitForChild("City"):WaitForChild("Folder"):WaitForChild("Toilet"):WaitForChild("Floor"),
        ["Hit"] = CFrame.new(-2485.982177734375, 35.7530403137207, -749.041015625, -0.7813637852668762, 0.3123382329940796, -0.5402920246124268, 1.4901161193847656e-08, 0.8657474517822266, 0.5004811882972717, 0.6240758895874023, 0.3910578787326813, -0.6764636635780334),
        ["UnitRay"] = Ray.new(Vector3.new(-2572.21484375, 115.63081359863281, -857.0090942382812), Vector3.new(0.540289044380188, -0.5004729628562927, 0.6764722466468811))
    }
}

game:GetService("ReplicatedStorage"):WaitForChild("Network"):WaitForChild("Remotes"):WaitForChild("Events"):WaitForChild("Tools"):FireServer(unpack(args))
local args = {
    [1] = "Activated",
    [2] = {
        ["Target"] = workspace:WaitForChild("Map"):WaitForChild("City"):WaitForChild("Folder"):WaitForChild("Toilet"):WaitForChild("Floor"),
        ["Hit"] = CFrame.new(-2485.982177734375, 35.7530403137207, -749.041015625, -0.7813637852668762, 0.3123382329940796, -0.5402920246124268, 1.4901161193847656e-08, 0.8657474517822266, 0.5004811882972717, 0.6240758895874023, 0.3910578787326813, -0.6764636635780334),
        ["UnitRay"] = Ray.new(Vector3.new(-2572.21484375, 115.63081359863281, -857.0090942382812), Vector3.new(0.540289044380188, -0.5004729628562927, 0.6764722466468811))
    }
}

game:GetService("ReplicatedStorage"):WaitForChild("Network"):WaitForChild("Remotes"):WaitForChild("Events"):WaitForChild("Tools"):FireServer(unpack(args))
local args = {
    [1] = "Activated",
    [2] = {
        ["Target"] = workspace:WaitForChild("Map"):WaitForChild("City"):WaitForChild("Folder"):WaitForChild("Toilet"):WaitForChild("Floor"),
        ["Hit"] = CFrame.new(-2485.982177734375, 35.7530403137207, -749.041015625, -0.7813637852668762, 0.3123382329940796, -0.5402920246124268, 1.4901161193847656e-08, 0.8657474517822266, 0.5004811882972717, 0.6240758895874023, 0.3910578787326813, -0.6764636635780334),
        ["UnitRay"] = Ray.new(Vector3.new(-2572.21484375, 115.63081359863281, -857.0090942382812), Vector3.new(0.540289044380188, -0.5004729628562927, 0.6764722466468811))
    }
}

game:GetService("ReplicatedStorage"):WaitForChild("Network"):WaitForChild("Remotes"):WaitForChild("Events"):WaitForChild("Tools"):FireServer(unpack(args))
local args = {
    [1] = "Activated",
    [2] = {
        ["Target"] = workspace:WaitForChild("Map"):WaitForChild("City"):WaitForChild("Folder"):WaitForChild("Toilet"):WaitForChild("Floor"),
        ["Hit"] = CFrame.new(-2485.982177734375, 35.7530403137207, -749.041015625, -0.7813637852668762, 0.3123382329940796, -0.5402920246124268, 1.4901161193847656e-08, 0.8657474517822266, 0.5004811882972717, 0.6240758895874023, 0.3910578787326813, -0.6764636635780334),
        ["UnitRay"] = Ray.new(Vector3.new(-2572.21484375, 115.63081359863281, -857.0090942382812), Vector3.new(0.540289044380188, -0.5004729628562927, 0.6764722466468811))
    }
}

game:GetService("ReplicatedStorage"):WaitForChild("Network"):WaitForChild("Remotes"):WaitForChild("Events"):WaitForChild("Tools"):FireServer(unpack(args))
local args = {
    [1] = "Activated",
    [2] = {
        ["Target"] = workspace:WaitForChild("Map"):WaitForChild("City"):WaitForChild("Folder"):WaitForChild("Toilet"):WaitForChild("Floor"),
        ["Hit"] = CFrame.new(-2485.982177734375, 35.7530403137207, -749.041015625, -0.7813637852668762, 0.3123382329940796, -0.5402920246124268, 1.4901161193847656e-08, 0.8657474517822266, 0.5004811882972717, 0.6240758895874023, 0.3910578787326813, -0.6764636635780334),
        ["UnitRay"] = Ray.new(Vector3.new(-2572.21484375, 115.63081359863281, -857.0090942382812), Vector3.new(0.540289044380188, -0.5004729628562927, 0.6764722466468811))
    }
}

game:GetService("ReplicatedStorage"):WaitForChild("Network"):WaitForChild("Remotes"):WaitForChild("Events"):WaitForChild("Tools"):FireServer(unpack(args))
local args = {
    [1] = "Activated",
    [2] = {
        ["Target"] = workspace:WaitForChild("Map"):WaitForChild("City"):WaitForChild("Folder"):WaitForChild("Toilet"):WaitForChild("Floor"),
        ["Hit"] = CFrame.new(-2485.982177734375, 35.7530403137207, -749.041015625, -0.7813637852668762, 0.3123382329940796, -0.5402920246124268, 1.4901161193847656e-08, 0.8657474517822266, 0.5004811882972717, 0.6240758895874023, 0.3910578787326813, -0.6764636635780334),
        ["UnitRay"] = Ray.new(Vector3.new(-2572.21484375, 115.63081359863281, -857.0090942382812), Vector3.new(0.540289044380188, -0.5004729628562927, 0.6764722466468811))
    }
}

game:GetService("ReplicatedStorage"):WaitForChild("Network"):WaitForChild("Remotes"):WaitForChild("Events"):WaitForChild("Tools"):FireServer(unpack(args))
local args = {
    [1] = "Activated",
    [2] = {
        ["Target"] = workspace:WaitForChild("Map"):WaitForChild("City"):WaitForChild("Folder"):WaitForChild("Toilet"):WaitForChild("Floor"),
        ["Hit"] = CFrame.new(-2485.982177734375, 35.7530403137207, -749.041015625, -0.7813637852668762, 0.3123382329940796, -0.5402920246124268, 1.4901161193847656e-08, 0.8657474517822266, 0.5004811882972717, 0.6240758895874023, 0.3910578787326813, -0.6764636635780334),
        ["UnitRay"] = Ray.new(Vector3.new(-2572.21484375, 115.63081359863281, -857.0090942382812), Vector3.new(0.540289044380188, -0.5004729628562927, 0.6764722466468811))
    }
}

game:GetService("ReplicatedStorage"):WaitForChild("Network"):WaitForChild("Remotes"):WaitForChild("Events"):WaitForChild("Tools"):FireServer(unpack(args))
local args = {
    [1] = "Activated",
    [2] = {
        ["Target"] = workspace:WaitForChild("Map"):WaitForChild("City"):WaitForChild("Folder"):WaitForChild("Toilet"):WaitForChild("Floor"),
        ["Hit"] = CFrame.new(-2485.982177734375, 35.7530403137207, -749.041015625, -0.7813637852668762, 0.3123382329940796, -0.5402920246124268, 1.4901161193847656e-08, 0.8657474517822266, 0.5004811882972717, 0.6240758895874023, 0.3910578787326813, -0.6764636635780334),
        ["UnitRay"] = Ray.new(Vector3.new(-2572.21484375, 115.63081359863281, -857.0090942382812), Vector3.new(0.540289044380188, -0.5004729628562927, 0.6764722466468811))
    }
}

game:GetService("ReplicatedStorage"):WaitForChild("Network"):WaitForChild("Remotes"):WaitForChild("Events"):WaitForChild("Tools"):FireServer(unpack(args))
local args = {
    [1] = "Activated",
    [2] = {
        ["Target"] = workspace:WaitForChild("Map"):WaitForChild("City"):WaitForChild("Folder"):WaitForChild("Toilet"):WaitForChild("Floor"),
        ["Hit"] = CFrame.new(-2485.982177734375, 35.7530403137207, -749.041015625, -0.7813637852668762, 0.3123382329940796, -0.5402920246124268, 1.4901161193847656e-08, 0.8657474517822266, 0.5004811882972717, 0.6240758895874023, 0.3910578787326813, -0.6764636635780334),
        ["UnitRay"] = Ray.new(Vector3.new(-2572.21484375, 115.63081359863281, -857.0090942382812), Vector3.new(0.540289044380188, -0.5004729628562927, 0.6764722466468811))
    }
}

game:GetService("ReplicatedStorage"):WaitForChild("Network"):WaitForChild("Remotes"):WaitForChild("Events"):WaitForChild("Tools"):FireServer(unpack(args))
local args = {
    [1] = "Activated",
    [2] = {
        ["Target"] = workspace:WaitForChild("Map"):WaitForChild("City"):WaitForChild("Folder"):WaitForChild("Toilet"):WaitForChild("Floor"),
        ["Hit"] = CFrame.new(-2485.982177734375, 35.7530403137207, -749.041015625, -0.7813637852668762, 0.3123382329940796, -0.5402920246124268, 1.4901161193847656e-08, 0.8657474517822266, 0.5004811882972717, 0.6240758895874023, 0.3910578787326813, -0.6764636635780334),
        ["UnitRay"] = Ray.new(Vector3.new(-2572.21484375, 115.63081359863281, -857.0090942382812), Vector3.new(0.540289044380188, -0.5004729628562927, 0.6764722466468811))
    }
}

game:GetService("ReplicatedStorage"):WaitForChild("Network"):WaitForChild("Remotes"):WaitForChild("Events"):WaitForChild("Tools"):FireServer(unpack(args))
local args = {
    [1] = "Activated",
    [2] = {
        ["Target"] = workspace:WaitForChild("Map"):WaitForChild("City"):WaitForChild("Folder"):WaitForChild("Toilet"):WaitForChild("Floor"),
        ["Hit"] = CFrame.new(-2485.982177734375, 35.7530403137207, -749.041015625, -0.7813637852668762, 0.3123382329940796, -0.5402920246124268, 1.4901161193847656e-08, 0.8657474517822266, 0.5004811882972717, 0.6240758895874023, 0.3910578787326813, -0.6764636635780334),
        ["UnitRay"] = Ray.new(Vector3.new(-2572.21484375, 115.63081359863281, -857.0090942382812), Vector3.new(0.540289044380188, -0.5004729628562927, 0.6764722466468811))
    }
}

game:GetService("ReplicatedStorage"):WaitForChild("Network"):WaitForChild("Remotes"):WaitForChild("Events"):WaitForChild("Tools"):FireServer(unpack(args))
local args = {
    [1] = "Activated",
    [2] = {
        ["Target"] = workspace:WaitForChild("Map"):WaitForChild("City"):WaitForChild("Folder"):WaitForChild("Toilet"):WaitForChild("Floor"),
        ["Hit"] = CFrame.new(-2485.982177734375, 35.7530403137207, -749.041015625, -0.7813637852668762, 0.3123382329940796, -0.5402920246124268, 1.4901161193847656e-08, 0.8657474517822266, 0.5004811882972717, 0.6240758895874023, 0.3910578787326813, -0.6764636635780334),
        ["UnitRay"] = Ray.new(Vector3.new(-2572.21484375, 115.63081359863281, -857.0090942382812), Vector3.new(0.540289044380188, -0.5004729628562927, 0.6764722466468811))
    }
}

game:GetService("ReplicatedStorage"):WaitForChild("Network"):WaitForChild("Remotes"):WaitForChild("Events"):WaitForChild("Tools"):FireServer(unpack(args))
local args = {
    [1] = "Activated",
    [2] = {
        ["Target"] = workspace:WaitForChild("Map"):WaitForChild("City"):WaitForChild("Folder"):WaitForChild("Toilet"):WaitForChild("Floor"),
        ["Hit"] = CFrame.new(-2485.982177734375, 35.7530403137207, -749.041015625, -0.7813637852668762, 0.3123382329940796, -0.5402920246124268, 1.4901161193847656e-08, 0.8657474517822266, 0.5004811882972717, 0.6240758895874023, 0.3910578787326813, -0.6764636635780334),
        ["UnitRay"] = Ray.new(Vector3.new(-2572.21484375, 115.63081359863281, -857.0090942382812), Vector3.new(0.540289044380188, -0.5004729628562927, 0.6764722466468811))
    }
}

game:GetService("ReplicatedStorage"):WaitForChild("Network"):WaitForChild("Remotes"):WaitForChild("Events"):WaitForChild("Tools"):FireServer(unpack(args))
local args = {
    [1] = "Activated",
    [2] = {
        ["Target"] = workspace:WaitForChild("Map"):WaitForChild("City"):WaitForChild("Folder"):WaitForChild("Toilet"):WaitForChild("Floor"),
        ["Hit"] = CFrame.new(-2485.982177734375, 35.7530403137207, -749.041015625, -0.7813637852668762, 0.3123382329940796, -0.5402920246124268, 1.4901161193847656e-08, 0.8657474517822266, 0.5004811882972717, 0.6240758895874023, 0.3910578787326813, -0.6764636635780334),
        ["UnitRay"] = Ray.new(Vector3.new(-2572.21484375, 115.63081359863281, -857.0090942382812), Vector3.new(0.540289044380188, -0.5004729628562927, 0.6764722466468811))
    }
}

game:GetService("ReplicatedStorage"):WaitForChild("Network"):WaitForChild("Remotes"):WaitForChild("Events"):WaitForChild("Tools"):FireServer(unpack(args))
local args = {
    [1] = "Activated",
    [2] = {
        ["Target"] = workspace:WaitForChild("Map"):WaitForChild("City"):WaitForChild("Folder"):WaitForChild("Toilet"):WaitForChild("Floor"),
        ["Hit"] = CFrame.new(-2485.982177734375, 35.7530403137207, -749.041015625, -0.7813637852668762, 0.3123382329940796, -0.5402920246124268, 1.4901161193847656e-08, 0.8657474517822266, 0.5004811882972717, 0.6240758895874023, 0.3910578787326813, -0.6764636635780334),
        ["UnitRay"] = Ray.new(Vector3.new(-2572.21484375, 115.63081359863281, -857.0090942382812), Vector3.new(0.540289044380188, -0.5004729628562927, 0.6764722466468811))
    }
}

game:GetService("ReplicatedStorage"):WaitForChild("Network"):WaitForChild("Remotes"):WaitForChild("Events"):WaitForChild("Tools"):FireServer(unpack(args))
local args = {
    [1] = "Activated",
    [2] = {
        ["Target"] = workspace:WaitForChild("Map"):WaitForChild("City"):WaitForChild("Folder"):WaitForChild("Toilet"):WaitForChild("Floor"),
        ["Hit"] = CFrame.new(-2485.982177734375, 35.7530403137207, -749.041015625, -0.7813637852668762, 0.3123382329940796, -0.5402920246124268, 1.4901161193847656e-08, 0.8657474517822266, 0.5004811882972717, 0.6240758895874023, 0.3910578787326813, -0.6764636635780334),
        ["UnitRay"] = Ray.new(Vector3.new(-2572.21484375, 115.63081359863281, -857.0090942382812), Vector3.new(0.540289044380188, -0.5004729628562927, 0.6764722466468811))
    }
}

game:GetService("ReplicatedStorage"):WaitForChild("Network"):WaitForChild("Remotes"):WaitForChild("Events"):WaitForChild("Tools"):FireServer(unpack(args))
local args = {
    [1] = "Activated",
    [2] = {
        ["Target"] = workspace:WaitForChild("Map"):WaitForChild("City"):WaitForChild("Folder"):WaitForChild("Toilet"):WaitForChild("Floor"),
        ["Hit"] = CFrame.new(-2485.982177734375, 35.7530403137207, -749.041015625, -0.7813637852668762, 0.3123382329940796, -0.5402920246124268, 1.4901161193847656e-08, 0.8657474517822266, 0.5004811882972717, 0.6240758895874023, 0.3910578787326813, -0.6764636635780334),
        ["UnitRay"] = Ray.new(Vector3.new(-2572.21484375, 115.63081359863281, -857.0090942382812), Vector3.new(0.540289044380188, -0.5004729628562927, 0.6764722466468811))
    }
}

game:GetService("ReplicatedStorage"):WaitForChild("Network"):WaitForChild("Remotes"):WaitForChild("Events"):WaitForChild("Tools"):FireServer(unpack(args))

local args = {
    [1] = "Activated",
    [2] = {
        ["Target"] = workspace:WaitForChild("Map"):WaitForChild("City"):WaitForChild("Folder"):WaitForChild("Toilet"):WaitForChild("Floor"),
        ["Hit"] = CFrame.new(-2485.982177734375, 35.7530403137207, -749.041015625, -0.7813637852668762, 0.3123382329940796, -0.5402920246124268, 1.4901161193847656e-08, 0.8657474517822266, 0.5004811882972717, 0.6240758895874023, 0.3910578787326813, -0.6764636635780334),
        ["UnitRay"] = Ray.new(Vector3.new(-2572.21484375, 115.63081359863281, -857.0090942382812), Vector3.new(0.540289044380188, -0.5004729628562927, 0.6764722466468811))
    }
}

game:GetService("ReplicatedStorage"):WaitForChild("Network"):WaitForChild("Remotes"):WaitForChild("Events"):WaitForChild("Tools"):FireServer(unpack(args))
local args = {
    [1] = "Activated",
    [2] = {
        ["Target"] = workspace:WaitForChild("Map"):WaitForChild("City"):WaitForChild("Folder"):WaitForChild("Toilet"):WaitForChild("Floor"),
        ["Hit"] = CFrame.new(-2485.982177734375, 35.7530403137207, -749.041015625, -0.7813637852668762, 0.3123382329940796, -0.5402920246124268, 1.4901161193847656e-08, 0.8657474517822266, 0.5004811882972717, 0.6240758895874023, 0.3910578787326813, -0.6764636635780334),
        ["UnitRay"] = Ray.new(Vector3.new(-2572.21484375, 115.63081359863281, -857.0090942382812), Vector3.new(0.540289044380188, -0.5004729628562927, 0.6764722466468811))
    }
}

game:GetService("ReplicatedStorage"):WaitForChild("Network"):WaitForChild("Remotes"):WaitForChild("Events"):WaitForChild("Tools"):FireServer(unpack(args))
local args = {
    [1] = "Activated",
    [2] = {
        ["Target"] = workspace:WaitForChild("Map"):WaitForChild("City"):WaitForChild("Folder"):WaitForChild("Toilet"):WaitForChild("Floor"),
        ["Hit"] = CFrame.new(-2485.982177734375, 35.7530403137207, -749.041015625, -0.7813637852668762, 0.3123382329940796, -0.5402920246124268, 1.4901161193847656e-08, 0.8657474517822266, 0.5004811882972717, 0.6240758895874023, 0.3910578787326813, -0.6764636635780334),
        ["UnitRay"] = Ray.new(Vector3.new(-2572.21484375, 115.63081359863281, -857.0090942382812), Vector3.new(0.540289044380188, -0.5004729628562927, 0.6764722466468811))
    }
}

game:GetService("ReplicatedStorage"):WaitForChild("Network"):WaitForChild("Remotes"):WaitForChild("Events"):WaitForChild("Tools"):FireServer(unpack(args))
local args = {
    [1] = "Activated",
    [2] = {
        ["Target"] = workspace:WaitForChild("Map"):WaitForChild("City"):WaitForChild("Folder"):WaitForChild("Toilet"):WaitForChild("Floor"),
        ["Hit"] = CFrame.new(-2485.982177734375, 35.7530403137207, -749.041015625, -0.7813637852668762, 0.3123382329940796, -0.5402920246124268, 1.4901161193847656e-08, 0.8657474517822266, 0.5004811882972717, 0.6240758895874023, 0.3910578787326813, -0.6764636635780334),
        ["UnitRay"] = Ray.new(Vector3.new(-2572.21484375, 115.63081359863281, -857.0090942382812), Vector3.new(0.540289044380188, -0.5004729628562927, 0.6764722466468811))
    }
}

game:GetService("ReplicatedStorage"):WaitForChild("Network"):WaitForChild("Remotes"):WaitForChild("Events"):WaitForChild("Tools"):FireServer(unpack(args))
local args = {
    [1] = "Activated",
    [2] = {
        ["Target"] = workspace:WaitForChild("Map"):WaitForChild("City"):WaitForChild("Folder"):WaitForChild("Toilet"):WaitForChild("Floor"),
        ["Hit"] = CFrame.new(-2485.982177734375, 35.7530403137207, -749.041015625, -0.7813637852668762, 0.3123382329940796, -0.5402920246124268, 1.4901161193847656e-08, 0.8657474517822266, 0.5004811882972717, 0.6240758895874023, 0.3910578787326813, -0.6764636635780334),
        ["UnitRay"] = Ray.new(Vector3.new(-2572.21484375, 115.63081359863281, -857.0090942382812), Vector3.new(0.540289044380188, -0.5004729628562927, 0.6764722466468811))
    }
}

game:GetService("ReplicatedStorage"):WaitForChild("Network"):WaitForChild("Remotes"):WaitForChild("Events"):WaitForChild("Tools"):FireServer(unpack(args))
local args = {
    [1] = "Activated",
    [2] = {
        ["Target"] = workspace:WaitForChild("Map"):WaitForChild("City"):WaitForChild("Folder"):WaitForChild("Toilet"):WaitForChild("Floor"),
        ["Hit"] = CFrame.new(-2485.982177734375, 35.7530403137207, -749.041015625, -0.7813637852668762, 0.3123382329940796, -0.5402920246124268, 1.4901161193847656e-08, 0.8657474517822266, 0.5004811882972717, 0.6240758895874023, 0.3910578787326813, -0.6764636635780334),
        ["UnitRay"] = Ray.new(Vector3.new(-2572.21484375, 115.63081359863281, -857.0090942382812), Vector3.new(0.540289044380188, -0.5004729628562927, 0.6764722466468811))
    }
}

game:GetService("ReplicatedStorage"):WaitForChild("Network"):WaitForChild("Remotes"):WaitForChild("Events"):WaitForChild("Tools"):FireServer(unpack(args))

local args = {
    [1] = "Activated",
    [2] = {
        ["Target"] = workspace:WaitForChild("Map"):WaitForChild("City"):WaitForChild("Folder"):WaitForChild("Toilet"):WaitForChild("Floor"),
        ["Hit"] = CFrame.new(-2485.982177734375, 35.7530403137207, -749.041015625, -0.7813637852668762, 0.3123382329940796, -0.5402920246124268, 1.4901161193847656e-08, 0.8657474517822266, 0.5004811882972717, 0.6240758895874023, 0.3910578787326813, -0.6764636635780334),
